Confusion matrix
[[  80   56    1    0    0]
 [  14 2060   14    7    0]
 [   0   19  103    0    0]
 [   3   14    0   17    0]
 [   1    5    0    0    7]]
(1315, 14) (1315,)

Result
              precision    recall  f1-score   support

         0.0       0.82      0.58      0.68       137
         1.0       0.96      0.98      0.97      2095
         2.0       0.87      0.84      0.86       122
         3.0       0.71      0.50      0.59        34
         4.0       1.00      0.54      0.70        13

    accuracy                           0.94      2401
   macro avg       0.87      0.69      0.76      2401
weighted avg       0.94      0.94      0.94      2401

(array([0.81632653, 0.95636026, 0.87288136, 0.70833333, 1.        ]), array([0.58394161, 0.98329356, 0.8442623 , 0.5       , 0.53846154]), array([0.68085106, 0.96963992, 0.85833333, 0.5862069 , 0.7       ]), array([ 137, 2095,  122,   34,   13]))

Confusion matrix
[[  80   54    2    1    0]
 [  25 2049   13    8    0]
 [   0   14  108    0    0]
 [   4   13    1   16    0]
 [   1    5    0    0    7]]
(1315, 14) (1315,)

Result
              precision    recall  f1-score   support

         0.0       0.73      0.58      0.65       137
         1.0       0.96      0.98      0.97      2095
         2.0       0.87      0.89      0.88       122
         3.0       0.64      0.47      0.54        34
         4.0       1.00      0.54      0.70        13

    accuracy                           0.94      2401
   macro avg       0.84      0.69      0.75      2401
weighted avg       0.94      0.94      0.94      2401

(array([0.72727273, 0.95971897, 0.87096774, 0.64      , 1.        ]), array([0.58394161, 0.97804296, 0.8852459 , 0.47058824, 0.53846154]), array([0.64777328, 0.96879433, 0.87804878, 0.54237288, 0.7       ]), array([ 137, 2095,  122,   34,   13]))

Confusion matrix
[[  55   79    1    2    0]
 [  12 2061   16    6    0]
 [   5   27   90    0    0]
 [   4   19    1   10    0]
 [   1   12    0    0    0]]
(1315, 14) (1315,)

Result
              precision    recall  f1-score   support

         0.0       0.71      0.40      0.51       137
         1.0       0.94      0.98      0.96      2095
         2.0       0.83      0.74      0.78       122
         3.0       0.56      0.29      0.38        34
         4.0       0.00      0.00      0.00        13

    accuracy                           0.92      2401
   macro avg       0.61      0.48      0.53      2401
weighted avg       0.91      0.92      0.91      2401







&&&&&&&&&&&&&&&

Result
              precision    recall  f1-score   support

         0.0       0.77      0.57      0.65       205
         1.0       0.95      0.98      0.97      3111
         2.0       0.85      0.86      0.86       182
         3.0       0.88      0.32      0.47        68

    accuracy                           0.94      3566
   macro avg       0.86      0.68      0.74      3566
weighted avg       0.94      0.94      0.93      3566

(array([0.76821192, 0.95319813, 0.84864865, 0.88      ]), array([0.56585366, 0.98199936, 0.86263736, 0.32352941]), array([0.65168539, 0.96738442, 0.85558583, 0.47311828]), array([ 205, 3111,  182,   68]))

Confusion matrix
[[ 124   80    1    0]
 [  28 3052   26    5]
 [   0   26  156    0]
 [  10   31    1   26]]
(1315, 57) (1315,)

Result
              precision    recall  f1-score   support

         0.0       0.77      0.60      0.68       205
         1.0       0.96      0.98      0.97      3111
         2.0       0.85      0.86      0.85       182
         3.0       0.84      0.38      0.53        68

    accuracy                           0.94      3566
   macro avg       0.85      0.71      0.76      3566
weighted avg       0.94      0.94      0.94      3566

(array([0.7654321 , 0.95703982, 0.84782609, 0.83870968]), array([0.60487805, 0.98103504, 0.85714286, 0.38235294]), array([0.67574932, 0.96888889, 0.85245902, 0.52525253]), array([ 205, 3111,  182,   68]))

Confusion matrix
[[  75  123    3    4]
 [  51 3013   33   14]
 [   3   55  124    0]
 [   8   43    2   15]]
(1315, 57) (1315,)

Result
              precision    recall  f1-score   support

         0.0       0.55      0.37      0.44       205
         1.0       0.93      0.97      0.95      3111
         2.0       0.77      0.68      0.72       182
         3.0       0.45      0.22      0.30        68

    accuracy                           0.90      3566
   macro avg       0.67      0.56      0.60      3566
weighted avg       0.89      0.90      0.90      3566



$$$$$$$

              precision    recall  f1-score   support

         0.0       0.79      0.58      0.67       205
         1.0       0.95      0.98      0.97      3144
         2.0       0.85      0.83      0.84       182
         3.0       0.85      0.32      0.47        71

    accuracy                           0.94      3602
   macro avg       0.86      0.68      0.74      3602
weighted avg       0.94      0.94      0.93      3602